{
  "keyframes": [
    {
      "matrix": "[0.886631462509029,0.46247664772299624,0,0,-0.050713480877757094,0.09722473111010144,0.9939695641808304,0,0.45968771198103797,-0.8812846883791119,0.10965630616690569,0,0.5288132297748898,-0.8181132202805589,0.025133002334221485,1]",
      "fov": 50,
      "aspect": 1,
      "properties": "[[\"FOV\",50],[\"NAME\",\"Camera 0\"],[\"TIME\",0]]"
    },
    {
      "matrix": "[0.9960231137982751,-0.08909521187801274,3.4694469519536136e-17,0,0.015062559597115041,0.16838904353504405,0.9856055241909591,0,-0.08781273300593337,-0.9816858831814607,0.16906138141001809,0,-0.17755584038878497,-0.6815852686202694,0.0029185414039350904,1]",
      "fov": 50,
      "aspect": 1,
      "properties": "[[\"FOV\",50],[\"NAME\",\"Camera 1\"],[\"TIME\",0.10000000000000002]]"
    },
    {
      "matrix": "[0.790474199072807,-0.6124953392477401,0,0,0.10354930816042457,0.13363866006423142,0.9856055241909587,0,-0.603678789903788,-0.7790957373365821,0.16906138141002447,0,-0.685226392501167,-0.723242223196999,0.04619825504489959,1]",
      "fov": 50,
      "aspect": 1,
      "properties": "[[\"FOV\",50],[\"NAME\",\"Camera 2\"],[\"TIME\",0.20000000000000004]]"
    },
    {
      "matrix": "[-0.22643610040167392,-0.9740260224628926,2.2204460492503128e-16,0,0.1646701848868883,-0.03828159993500612,0.9856055241909586,0,-0.9600054284451737,0.22317667143214806,0.16906138141002433,0,-0.7164233039069599,0.30055871575087223,-0.002491422801190857,1]",
      "fov": 50,
      "aspect": 1,
      "properties": "[[\"FOV\",50],[\"NAME\",\"Camera 3\"],[\"TIME\",0.30000000000000004]]"
    },
    {
      "matrix": "[-0.998628526119229,-0.0523551986046882,-6.9388939039072276e-18,0,0.00885124220010493,-0.16882951814117672,0.985605524190958,0,-0.05160157296489543,0.9842537919577865,0.16906138141002755,0,-0.20087345186849007,0.8843122256313479,0.005623523506489286,1]",
      "fov": 50,
      "aspect": 1,
      "properties": "[[\"FOV\",50],[\"NAME\",\"Camera 4\"],[\"TIME\",0.4000000000000001]]"
    },
    {
      "matrix": "[-0.9435454112206043,0.3312431991219441,-5.5511151231257815e-17,0,-0.056000432826230795,-0.1595170906440424,0.985605524190959,0,0.326475126905274,0.9299635696240581,0.1690613814100217,0,0.233289567517831,0.8836639154738867,0.005623523506489425,1]",
      "fov": 50,
      "aspect": 1,
      "properties": "[[\"FOV\",50],[\"NAME\",\"Camera 5\"],[\"TIME\",0.5]]"
    },
    {
      "matrix": "[-0.6617686823611021,0.749708083887356,1.6653345369377343e-16,0,-0.18539159148777437,-0.16364549330126474,0.9689427796974472,0,0.7264242347634619,0.6412159866036832,0.24728503729943715,0,0.5700546586520514,0.6792206274292114,0.006405760065383431,1]",
      "fov": 50,
      "aspect": 1,
      "properties": "[[\"FOV\",50],[\"NAME\",\"Camera 6\"],[\"TIME\",0.6]]"
    },
    {
      "matrix": "[-0.033169387914218085,0.9994497444621196,1.3877787807814457e-16,0,-0.8668848785307374,-0.028769871594124696,0.4976775078936224,0,0.49740365808882536,0.016507658315504742,0.8673621493567687,0,0.624054213175866,0.17591863157319024,-0.008994655275534114,1]",
      "fov": 50,
      "aspect": 1,
      "properties": "[[\"FOV\",50],[\"NAME\",\"Camera 7\"],[\"TIME\",0.7]]"
    },
    {
      "matrix": "[0.8173662438458031,0.5761184109377196,-1.1102230246251565e-16,0,-0.45480423838898776,0.6452521303946744,0.6138426451172541,0,0.35364604927075893,-0.5017342571518622,0.7894284052626008,0,0.48372444168092515,-0.5290561399401331,-0.009773992716476276,1]",
      "fov": 50,
      "aspect": 1,
      "properties": "[[\"FOV\",50],[\"NAME\",\"Camera 8\"],[\"TIME\",0.7999999999999999]]"
    },
    {
      "matrix": "[0.8331438738442581,-0.553056313114481,0,0,0.39281758206749273,0.5917544999980878,0.7039324960183765,0,-0.38931431092939733,-0.5864770466576079,0.7102668801579713,0,-0.48574086297421537,-0.7289718208015173,-0.010565607967522705,1]",
      "fov": 50,
      "aspect": 1,
      "properties": "[[\"FOV\",50],[\"NAME\",\"Camera 9\"],[\"TIME\",0.9]]"
    },
    {
      "matrix": "[-0.9339221310808317,-0.35747650702869765,-2.7755575615628914e-17,0,0.28653406424163713,-0.748582070827718,0.5979323651254008,0,-0.21374677332443612,0.558422268680116,0.8015465593061606,0,-0.3518841276737761,0.7128149562614186,-0.014697802361521739,1]",
      "fov": 50,
      "aspect": 1,
      "properties": "[[\"FOV\",50],[\"NAME\",\"Camera 10\"],[\"TIME\",1]]"
    }
  ],
  "camera_type": "perspective",
  "render_height": 280,
  "render_width": 280,
  "camera_path": [
    {
      "camera_to_world": [
        0.886631462509029,
        -0.05071348087775708,
        0.45968771198103797,
        0.5288132297748898,
        0.4624766477229961,
        0.09722473111010155,
        -0.8812846883791119,
        -0.8181132202805589,
        -2.7755575615628907e-17,
        0.9939695641808304,
        0.1096563061669058,
        0.025133002334221485,
        0,
        0,
        0,
        1
      ],
      "fov": 50,
      "aspect": 1
    },
    {
      "camera_to_world": [
        0.8946822174303621,
        -0.04918812790840937,
        0.4439867767025908,
        0.505721022616559,
        0.44670199454407045,
        0.10080498488114095,
        -0.8889857609059114,
        -0.8135627168743381,
        -0.0010285349967365728,
        0.9936895305355586,
        0.11216086224606864,
        0.024369816031860322,
        0,
        0,
        0,
        1
      ],
      "fov": 50,
      "aspect": 1
    },
    {
      "camera_to_world": [
        0.9031691324688985,
        -0.04745177966070707,
        0.4266542473272814,
        0.48071622279512727,
        0.42927989209912126,
        0.10462887928804891,
        -0.8970906151879495,
        -0.8084832902419875,
        -0.002071809533752751,
        0.993378641921578,
        0.11486766899043983,
        0.02347898140338539,
        0,
        0,
        0,
        1
      ],
      "fov": 50,
      "aspect": 1
    },
    {
      "camera_to_world": [
        0.9119465613559198,
        -0.04550359014918213,
        0.407777994152025,
        0.4539844624630905,
        0.41029728067985327,
        0.10864165391413508,
        -0.9054574161723559,
        -0.8029335702948213,
        -0.0031001125514201764,
        0.9930389792542569,
        0.11774538200639535,
        0.022475979154495205,
        0,
        0,
        0,
        1
      ],
      "fov": 50,
      "aspect": 1
    },
    {
      "camera_to_world": [
        0.9208676157186069,
        -0.04334629548215653,
        0.38745829838668044,
        0.42571137377294493,
        0.3898540119386121,
        0.11278796531771207,
        -0.9139435016754915,
        -0.7969721869441544,
        -0.004084568042873972,
        0.9926731453743797,
        0.12076151190026968,
        0.021376289990888274,
        0,
        0,
        0,
        1
      ],
      "fov": 50,
      "aspect": 1
    },
    {
      "camera_to_world": [
        0.9297869570088872,
        -0.040986718203023347,
        0.36580910801550554,
        0.39608258887718667,
        0.36806417330327695,
        0.11701286620629608,
        -0.9224081273887188,
        -0.7906577701013013,
        -0.004997890227802983,
        0.9922842728135589,
        0.12388277935265024,
        0.02019539461826311,
        0,
        0,
        0,
        1
      ],
      "fov": 50,
      "aspect": 1
    },
    {
      "camera_to_world": [
        0.9385638321139257,
        -0.03843604480520043,
        0.34295860319775534,
        0.3652837399283119,
        0.3450566871637372,
        0.12126287362804894,
        -0.9307154227383657,
        -0.784048949677577,
        -0.005815126069958702,
        0.9918759932265728,
        0.12707556165364778,
        0.018948773742318206,
        0,
        0,
        0,
        1
      ],
      "fov": 50,
      "aspect": 1
    },
    {
      "camera_to_world": [
        0.9470652262761452,
        -0.03570984223912058,
        0.3190489999134478,
        0.3335004590788166,
        0.32097510851961236,
        0.1254870756244349,
        -0.9387374359010353,
        -0.7772043555842959,
        -0.006514360240056612,
        0.991452369515795,
        0.13030641615890712,
        0.01765190806875208,
        0,
        0,
        0,
        1
      ],
      "fov": 50,
      "aspect": 1
    },
    {
      "camera_to_world": [
        0.9551689731379228,
        -0.032827796723666286,
        0.2942355663697298,
        0.30091837848119707,
        0.29597659336382875,
        0.1296382119537193,
        -0.9463571155658868,
        -0.7701826177327729,
        -0.007077353699569581,
        0.9910177948774241,
        0.13354265723318146,
        0.016320278303263245,
        0,
        0,
        0,
        1
      ],
      "fov": 50,
      "aspect": 1
    },
    {
      "camera_to_world": [
        0.9627666428799767,
        -0.02981318031301568,
        0.2686848816685506,
        0.2677231302879493,
        0.27023006858489856,
        0.1336736572549465,
        -0.9534710605931823,
        -0.7630423660343224,
        -0.007490086129040847,
        0.990576866091527,
        0.13675295599755366,
        0.014969365151550203,
        0,
        0,
        0,
        1
      ],
      "fov": 50,
      "aspect": 1
    },
    {
      "camera_to_world": [
        0.9697660294734037,
        -0.026692074895879637,
        0.24257242468413892,
        0.23410034665156945,
        0.24391369646396102,
        0.1375562361758873,
        -0.9599918700522468,
        -0.7558422304002593,
        -0.00774317484473892,
        0.9901342409122494,
        0.13990792763974289,
        0.01361464931931146,
        0,
        0,
        0,
        1
      ],
      "fov": 50,
      "aspect": 1
    },
    {
      "camera_to_world": [
        0.9760930784554086,
        -0.02349240629118747,
        0.21607963587088316,
        0.20023565972455368,
        0.21721178522378462,
        0.1412548101160125,
        -0.9658499464093715,
        -0.7486408407418982,
        -0.00783214857750813,
        0.9896944909747345,
        0.14298066996248415,
        0.012271611512245522,
        0,
        0,
        0,
        1
      ],
      "fov": 50,
      "aspect": 1
    },
    {
      "camera_to_world": [
        0.9816931357042524,
        -0.02024285938979281,
        0.18939063850908164,
        0.16631470165939807,
        0.19031134366648916,
        0.14474459340369575,
        -0.9709946421851432,
        -0.7414968269705539,
        -0.00775756295546731,
        0.9892619619312792,
        0.14594721954483436,
        0.010955732436050903,
        0,
        0,
        0,
        1
      ],
      "fov": 50,
      "aspect": 1
    },
    {
      "camera_to_world": [
        0.9865314507054326,
        -0.016971756014971404,
        0.16268883264318793,
        0.13252310460859873,
        0.16339850619131452,
        0.1480071805435678,
        -0.9753946907185781,
        -0.734468818997541,
        -0.007524954716268401,
        0.9888406514728811,
        0.14878689811675655,
        0.009682492796426112,
        0,
        0,
        0,
        1
      ],
      "fov": 50,
      "aspect": 1
    },
    {
      "camera_to_world": [
        0.9905929277441728,
        -0.013705978717887089,
        0.13615358111563855,
        0.09904650072465195,
        0.13665506060903118,
        0.1510302922069581,
        -0.9790379181859213,
        -0.7276154467341741,
        -0.007144642270257944,
        0.988434113627846,
        0.15148253068774753,
        0.008467373299069651,
        0,
        0,
        0,
        1
      ],
      "fov": 50,
      "aspect": 1
    },
    {
      "camera_to_world": [
        0.9938811773163421,
        -0.010470016070542116,
        0.10995719230575494,
        0.06607052216005371,
        0.11025529485883645,
        0.15380727212319342,
        -0.9819302892759817,
        -0.720995340091768,
        -0.006631389890001968,
        0.9880453946077095,
        0.15402052740664887,
        0.00732585464968003,
        0,
        0,
        0,
        1
      ],
      "fov": 50,
      "aspect": 1
    },
    {
      "camera_to_world": [
        0.9964169703436793,
        -0.00728518972012355,
        0.08426237132828122,
        0.03378080106730014,
        0.0843633431720076,
        0.15633638661692909,
        -0.9840943859957764,
        -0.7146671289816373,
        -0.006003960356749687,
        0.9876770019749898,
        0.15639083166775058,
        0.006273417553955761,
        0,
        0,
        0,
        1
      ],
      "fov": 50,
      "aspect": 1
    },
    {
      "camera_to_world": [
        0.9982362339041083,
        -0.004169103248061699,
        0.05922026594882462,
        0.0023629695988873767,
        0.059131163325191534,
        0.15861999094522367,
        -0.9855674527886696,
        -0.7086894433150968,
        -0.00528458557997116,
        0.9873309055482078,
        0.15858674630814454,
        0.0053255427175953485,
        0,
        0,
        0,
        1
      ],
      "fov": 50,
      "aspect": 1
    },
    {
      "camera_to_world": [
        0.9993877462351173,
        -0.001135330994535176,
        0.03496918212692293,
        -0.027997340092688505,
        0.034697221738734116,
        0.16066363094035474,
        -0.9863991588077692,
        -0.7031209130034611,
        -0.00449838623354811,
        0.987008565675392,
        0.160604656858696,
        0.004497710846297298,
        0,
        0,
        0,
        1
      ],
      "fov": 50,
      "aspect": 1
    },
    {
      "camera_to_world": [
        0.9999306906908494,
        0.0018066554162640429,
        0.01163399375656358,
        -0.057114495854931335,
        0.0111859096654432,
        0.16247514527362963,
        -0.9866492297636832,
        -0.6980201679580449,
        -0.0036727700006154718,
        0.9867109825904037,
        0.16244367514927363,
        0.003805402645760115,
        0,
        0,
        0,
        1
      ],
      "fov": 50,
      "aspect": 1
    },
    {
      "camera_to_world": [
        0.9999322155047033,
        0.004651341647979996,
        -0.010673772375742354,
        -0.08480286553534494,
        -0.011292332264695294,
        0.16406382451155743,
        -0.9863850894648929,
        -0.6934458380901627,
        -0.0028368341296444275,
        0.98643875963362,
        0.16410522802338212,
        0.0032640988216823194,
        0,
        0,
        0,
        1
      ],
      "fov": 50,
      "aspect": 1
    },
    {
      "camera_to_world": [
        0.9994651225788755,
        0.007396836306587197,
        -0.03185522815876251,
        -0.1108768169814332,
        -0.03264023814830364,
        0.16543967022043754,
        -0.9856796286679435,
        -0.6894565533111294,
        -0.002020792422611966,
        0.9861921731234772,
        0.16559261477486942,
        0.002889280079762406,
        0,
        0,
        0,
        1
      ],
      "fov": 50,
      "aspect": 1
    },
    {
      "camera_to_world": [
        0.9986057786414013,
        0.010044383064512823,
        -0.051822863997026195,
        -0.1351507180407001,
        -0.052772367141236246,
        0.16661278295618503,
        -0.9846091904008949,
        -0.6861109435322598,
        -0.0012554402859220103,
        0.9859712424429267,
        0.16691055372635957,
        0.0026964271256988935,
        0,
        0,
        0,
        1
      ],
      "fov": 50,
      "aspect": 1
    },
    {
      "camera_to_world": [
        0.9974323102619718,
        0.012597754646499938,
        -0.0704988157583694,
        -0.15743893656064956,
        -0.07161326444778089,
        0.16759289399898533,
        -0.9832518305277529,
        -0.6834676386648681,
        -0.0005716647602641689,
        0.9857757952287688,
        0.1680647337798457,
        0.0027010206651902936,
        0,
        0,
        0,
        1
      ],
      "fov": 50,
      "aspect": 1
    },
    {
      "camera_to_world": [
        0.9960231137982752,
        0.01506255959711503,
        -0.08781273300593362,
        -0.17755584038878508,
        -0.08909521187801298,
        0.168389043535044,
        -0.981685883181461,
        -0.6815852686202697,
        9.020562075079394e-17,
        0.9856055241909598,
        0.16906138141001803,
        0.0029185414039350835,
        0,
        0,
        0,
        1
      ],
      "fov": 50,
      "aspect": 1
    },
    {
      "camera_to_world": [
        0.9943021143988814,
        0.0176430725112261,
        -0.10512862262142342,
        -0.19721182395678513,
        -0.10659773811415091,
        0.1689774278212682,
        -0.979838533185879,
        -0.6810475765368724,
        0.0004770019506690344,
        0.9854619986987178,
        0.16989532539145194,
        0.0034433576946336915,
        0,
        0,
        0,
        1
      ],
      "fov": 50,
      "aspect": 1
    },
    {
      "camera_to_world": [
        0.9921001034270939,
        0.020518666567535534,
        -0.1237593192541068,
        -0.21813744822766493,
        -0.12544552284616606,
        0.16932417170714348,
        -0.9775442423100561,
        -0.6822582483068859,
        0.0008975398607673629,
        0.985346796411284,
        0.17056050311903467,
        0.004336169996461684,
        0,
        0,
        0,
        1
      ],
      "fov": 50,
      "aspect": 1
    },
    {
      "camera_to_world": [
        0.9893587769466631,
        0.023657728878672835,
        -0.14356016976482872,
        -0.2401773308459328,
        -0.14549095278064503,
        0.16942339863443948,
        -0.9747451434370605,
        -0.6850058279723237,
        0.001262195540857339,
        0.9852593688260259,
        0.17106251197430025,
        0.005561957174830366,
        0,
        0,
        0,
        1
      ],
      "fov": 50,
      "aspect": 1
    },
    {
      "camera_to_world": [
        0.986025951947693,
        0.0270277309291732,
        -0.16438468251776395,
        -0.26317608945609766,
        -0.16658437417797545,
        0.16927093804855228,
        -0.9713892092317555,
        -0.6890788595752008,
        0.0015711032359771418,
        0.9851988892061253,
        0.17140793546868976,
        0.007085698095151059,
        0,
        0,
        0,
        1
      ],
      "fov": 50,
      "aspect": 1
    },
    {
      "camera_to_world": [
        0.982057103726927,
        0.030595510324311227,
        -0.18608535613388552,
        -0.2869783417026681,
        -0.18857496436320645,
        0.16886499130859572,
        -0.967431701737008,
        -0.6942658871575311,
        0.0018242354276449138,
        0.9851642144629201,
        0.1716046115544733,
        0.008872371622835053,
        0,
        0,
        0,
        1
      ],
      "fov": 50,
      "aspect": 1
    },
    {
      "camera_to_world": [
        0.9774165946570402,
        0.0343276624982461,
        -0.20851477663811172,
        -0.31142870523015304,
        -0.2113118865230608,
        0.16820668367870198,
        -0.9628363299023766,
        -0.700355454761329,
        0.002021658502363334,
        0.9851538576045975,
        0.17166184708222215,
        0.010886956623293679,
        0,
        0,
        0,
        1
      ],
      "fov": 50,
      "aspect": 1
    },
    {
      "camera_to_world": [
        0.9720785589307308,
        0.03819102574799737,
        -0.23152693324853071,
        -0.336371797683061,
        -0.23464567634891606,
        0.1673004855084808,
        -0.9575760826792753,
        -0.7071361064286089,
        0.0021637555114981596,
        0.9851659723624961,
        0.17159057392859334,
        0.01309443196193823,
        0,
        0,
        0,
        1
      ],
      "fov": 50,
      "aspect": 1
    },
    {
      "camera_to_world": [
        0.9660274187160977,
        0.04215323549281413,
        -0.25497868739602686,
        -0.3616522367059007,
        -0.25842979206145245,
        0.16615449026007234,
        -0.9516337152189859,
        -0.714396386201385,
        0.002251413730941648,
        0.9851983506400642,
        0.17140344521715206,
        0.015459776504180005,
        0,
        0,
        0,
        1
      ],
      "fov": 50,
      "aspect": 1
    },
    {
      "camera_to_world": [
        0.9592580220075112,
        0.04618331853396236,
        -0.27873131920081695,
        -0.3871146399431809,
        -0.282522248001481,
        0.16478054364085998,
        -0.9450018792688258,
        -0.7219248381216719,
        0.0022861755021794656,
        0.985248432389828,
        0.1711148733306373,
        0.017947969115430333,
        0,
        0,
        0,
        1
      ],
      "fov": 50,
      "aspect": 1
    },
    {
      "camera_to_world": [
        0.9517754096792038,
        0.05025229579528023,
        -0.3026520713579992,
        -0.41260362503941017,
        -0.3067872471802863,
        0.16319422600612443,
        -0.9376829045929139,
        -0.7295100062314837,
        0.002270351850638383,
        0.9853133264934387,
        0.1707410148057831,
        0.0205239886611005,
        0,
        0,
        0,
        1
      ],
      "fov": 50,
      "aspect": 1
    },
    {
      "camera_to_world": [
        0.9435942369199732,
        0.054333762756744376,
        -0.326615612419412,
        -0.43796380963909765,
        -0.3310967302209725,
        0.1614146984728656,
        -0.9296882543917044,
        -0.7369404345728348,
        0.0022070995433590497,
        0.9853898402873897,
        0.1702997104225313,
        0.023152814006601838,
        0,
        0,
        0,
        1
      ],
      "fov": 50,
      "aspect": 1
    },
    {
      "camera_to_world": [
        0.934737890390153,
        0.05840442040659579,
        -0.35050534938276773,
        -0.46303981138675154,
        -0.355331766553807,
        0.15946443086600262,
        -0.9210376924786154,
        -0.7440046671877395,
        0.0021004634529705126,
        0.9854745146200136,
        0.16981039157758054,
        0.025799424017345626,
        0,
        0,
        0,
        1
      ],
      "fov": 50,
      "aspect": 1
    },
    {
      "camera_to_world": [
        0.9252373553875656,
        0.06244453556136199,
        -0.3742145322858931,
        -0.48767624792688086,
        -0.37938372745314525,
        0.15736883584641895,
        -0.9117582118347498,
        -0.7504912481182123,
        0.001955387220364306,
        0.9855636607966372,
        0.16929396615931053,
        0.02842879755874322,
        0,
        0,
        0,
        1
      ],
      "fov": 50,
      "aspect": 1
    },
    {
      "camera_to_world": [
        0.9151298958022723,
        0.06643831711926795,
        -0.397647109667959,
        -0.5117177369039942,
        -0.4031551979143068,
        0.15515583773117236,
        -0.9018827819692615,
        -0.7561887214062673,
        0.001777696149030158,
        0.9856533954876318,
        0.16877269850335402,
        0.031005913496205864,
        0,
        0,
        0,
        1
      ],
      "fov": 50,
      "aspect": 1
    },
    {
      "camera_to_world": [
        0.9044576130528803,
        0.07037420337762725,
        -0.4207183115692146,
        -0.5350088959626003,
        -0.4265606035904288,
        0.15285540630857256,
        -0.8914489756720854,
        -0.760885631093919,
        0.0015740569416441007,
        0.9857396696193197,
        0.16827009860203598,
        0.03349575069514492,
        0,
        0,
        0,
        1
      ],
      "fov": 50,
      "aspect": 1
    },
    {
      "camera_to_world": [
        0.8932659485336023,
        0.07424506412765217,
        -0.44335495445866474,
        -0.5573943427472078,
        -0.44952654816448107,
        0.15049908540329798,
        -0.8804975342316965,
        -0.7643705212231817,
        0.0013519192617779535,
        0.9858182873863984,
        0.16781083567177063,
        0.03586328802097165,
        0,
        0,
        0,
        1
      ],
      "fov": 50,
      "aspect": 1
    },
    {
      "camera_to_world": [
        0.8816021879159859,
        0.07804832914657554,
        -0.46549547858080714,
        -0.5787186949023256,
        -0.47199187398355397,
        0.14811954337506014,
        -0.8690709244727134,
        -0.7664319358360698,
        0.0011194441655792144,
        0.9858849117355388,
        0.16742069064774723,
        0.038073504339097404,
        0,
        0,
        0,
        1
      ],
      "fov": 50,
      "aspect": 1
    },
    {
      "camera_to_world": [
        0.8695140158906851,
        0.08178606147060977,
        -0.487089741545415,
        -0.5988265700724621,
        -0.49390747331214746,
        0.1457501686574631,
        -0.8572119318714198,
        -0.7668584189745975,
        0.0008854242281882696,
        0.9859350528738933,
        0.16712656143919627,
        0.04009137851493344,
        0,
        0,
        0,
        1
      ],
      "fov": 50,
      "aspect": 1
    },
    {
      "camera_to_world": [
        0.8570481577486986,
        0.08546499926071342,
        -0.5080986018490193,
        -0.6175625859021265,
        -0.5152358884581548,
        0.1434247284800158,
        -0.8449623225358452,
        -0.7654385146807792,
        0.0006591997404145344,
        0.9859640364444333,
        0.16695653414557407,
        0.041881889413891135,
        0,
        0,
        0,
        1
      ],
      "fov": 50,
      "aspect": 1
    },
    {
      "camera_to_world": [
        0.8442491307346762,
        0.08909659425202808,
        -0.5284933321683758,
        -0.6347713600358271,
        -0.5359507460916048,
        0.14117710368226027,
        -0.8323615939961072,
        -0.7619607669966291,
        0.00045057473967551065,
        0.9859669478682224,
        0.16694003322698286,
        0.04341001590138174,
        0,
        0,
        0,
        1
      ],
      "fov": 50,
      "aspect": 1
    },
    {
      "camera_to_world": [
        0.831158114337656,
        0.09269707804412268,
        -0.5482549048506123,
        -0.6502975101180726,
        -0.556036074560992,
        0.1390411075574258,
        -0.8194458213915105,
        -0.7562137199641618,
        0.00026973593576117005,
        0.985938548861584,
        0.1671080641717771,
        0.044640736842816574,
        0,
        0,
        0,
        1
      ],
      "fov": 50,
      "aspect": 1
    },
    {
      "camera_to_world": [
        0.8178119353104489,
        0.09628759039102058,
        -0.5673731914714242,
        -0.6639856537933722,
        -0.5754855535022788,
        0.1370503923489147,
        -0.806246592344541,
        -0.7479859176253913,
        0.00012717686158726651,
        0.9858731611590303,
        0.16749356385349945,
        0.04553903110360698,
        0,
        0,
        0,
        1
      ],
      "fov": 50,
      "aspect": 1
    },
    {
      "camera_to_world": [
        0.8042421505610098,
        0.09989440691233949,
        -0.585846115228764,
        -0.675680408706234,
        -0.5943017433342267,
        0.13523844359760942,
        -0.7927900108119396,
        -0.7370659040223324,
        0.000033628875157870615,
        0.9857645108447189,
        0.1681318768948072,
        0.04606987754916421,
        0,
        0,
        0,
        1
      ],
      "fov": 50,
      "aspect": 1
    },
    {
      "camera_to_world": [
        0.790474199072807,
        0.10354930816042456,
        -0.6036787899037879,
        -0.6852263925011671,
        -0.61249533924774,
        0.13363866006423164,
        -0.7790957373365822,
        -0.7232422231969992,
        8.326672684688672e-17,
        0.9856055241909586,
        0.16906138141002466,
        0.046198255044899605,
        0,
        0,
        0,
        1
      ],
      "fov": 50,
      "aspect": 1
    },
    {
      "camera_to_world": [
        0.774808394759529,
        0.10767766379535688,
        -0.6229586439963221,
        -0.6934193294938449,
        -0.6321961336564486,
        0.13196783940167933,
        -0.7634870908885694,
        -0.7049672144075874,
        9.71445146547012e-17,
        0.9853882534733336,
        0.17032319253928202,
        0.04589938915666903,
        0,
        0,
        0,
        1
      ],
      "fov": 50,
      "aspect": 1
    },
    {
      "camera_to_world": [
        0.7554045875778975,
        0.11262777713044211,
        -0.6455066946863696,
        -0.7011463936730674,
        -0.6552586581391097,
        0.12984115276653846,
        -0.7441621906425975,
        -0.6811456646821548,
        1.6653345369377353e-16,
        0.9851173832934387,
        0.17188292856792997,
        0.04519504011146284,
        0,
        0,
        0,
        1
      ],
      "fov": 50,
      "aspect": 1
    },
    {
      "camera_to_world": [
        0.7320526290774573,
        0.11830716070327467,
        -0.670896686522681,
        -0.7083893771930315,
        -0.6812480812896158,
        0.12712999920318718,
        -0.7209292718719464,
        -0.6522447897175102,
        1.942890293094024e-16,
        0.9848052492898925,
        0.17366237638323628,
        0.04411998876639404,
        0,
        0,
        0,
        1
      ],
      "fov": 50,
      "aspect": 1
    },
    {
      "camera_to_world": [
        0.704541091325506,
        0.12459900456143858,
        -0.698639348087526,
        -0.7151300722079348,
        -0.7096631952087306,
        0.12369969197284914,
        -0.6935968105260845,
        -0.618731805210461,
        2.4980018054066027e-16,
        0.9844660858902763,
        0.17557484367607773,
        0.0427090159785756,
        0,
        0,
        0,
        1
      ],
      "fov": 50,
      "aspect": 1
    },
    {
      "camera_to_world": [
        0.6726924530999605,
        0.131355162674673,
        -0.7281694066500375,
        -0.7213502708719742,
        -0.7399222010065365,
        0.11942015861501344,
        -0.6620075242578498,
        -0.5810739268578161,
        3.0531133177191805e-16,
        0.984116175537764,
        0.1775256405281355,
        0.04099690260512056,
        0,
        0,
        0,
        1
      ],
      "fov": 50,
      "aspect": 1
    },
    {
      "camera_to_world": [
        0.636402181792844,
        0.1383923772750982,
        -0.7588410985980233,
        -0.7270317653393471,
        -0.7713574158645965,
        0.11417950878536905,
        -0.6260756957143633,
        -0.5397383703563835,
        3.469446951953614e-16,
        0.9837736475865161,
        0.1794140750173221,
        0.03901842950314191,
        0,
        0,
        0,
        1
      ],
      "fov": 50,
      "aspect": 1
    },
    {
      "camera_to_world": [
        0.5956791302531873,
        0.14549353823161496,
        -0.7899354430038267,
        -0.7321563477642508,
        -0.8032224933234915,
        0.10789969781929773,
        -0.5858252994107526,
        -0.49519235140297096,
        3.885780586188048e-16,
        0.9834578209274407,
        0.18113728069243548,
        0.03680837752975265,
        0,
        0,
        0,
        1
      ],
      "fov": 50,
      "aspect": 1
    },
    {
      "camera_to_world": [
        0.5506824200433688,
        0.15241551641034606,
        -0.8206816572901738,
        -0.7367058103008826,
        -0.8347148448752898,
        0.1005523574239889,
        -0.541424372522423,
        -0.4479030856943863,
        4.3021142204224826e-16,
        0.9831880459880734,
        0.18259590966435718,
        0.03440152754206575,
        0,
        0,
        0,
        1
      ],
      "fov": 50,
      "aspect": 1
    },
    {
      "camera_to_world": [
        0.5017482155051854,
        0.15890414146866977,
        -0.850293009533459,
        -0.7406619451034395,
        -0.8650137156354007,
        0.09217179794625914,
        -0.49320952081847735,
        -0.39833778892743876,
        4.3021142204224816e-16,
        0.9829821124961832,
        0.1837012969811075,
        0.03183266039719426,
        0,
        0,
        0,
        1
      ],
      "fov": 50,
      "aspect": 1
    },
    {
      "camera_to_world": [
        0.44939941635163694,
        0.1647152269180513,
        -0.8780142701597412,
        -0.744006544326119,
        -0.893330937885176,
        0.08286170746133352,
        -0.44169420740347537,
        -0.3469636767989357,
        4.718447854656915e-16,
        0.9828544304513905,
        0.1843832111176957,
        0.02913655695225116,
        0,
        0,
        0,
        1
      ],
      "fov": 50,
      "aspect": 1
    },
    {
      "camera_to_world": [
        0.3943330821764984,
        0.16963857974592833,
        -0.9031744972943863,
        -0.7467214001231182,
        -0.9189675839229493,
        0.07279266992388804,
        -0.3875561983818204,
        -0.29424796500568484,
        5.134781488891349e-16,
        0.9828143158639561,
        0.18459691366017963,
        0.026347998064349426,
        0,
        0,
        0,
        1
      ],
      "fov": 50,
      "aspect": 1
    },
    {
      "camera_to_world": [
        0.3373844339580977,
        0.17352042814107013,
        -0.9252364047855627,
        -0.7487883046486347,
        -0.9413669548708273,
        0.06218944814838478,
        -0.33160327021340624,
        -0.24065786924449548,
        4.787836793695989e-16,
        0.9828647585282214,
        0.18432814880875065,
        0.023501764590602107,
        0,
        0,
        0,
        1
      ],
      "fov": 50,
      "aspect": 1
    },
    {
      "camera_to_world": [
        0.2794715813179825,
        0.17627945682928053,
        -0.9438332418047162,
        -0.7501890500568651,
        -0.9601539643388587,
        0.05130958198759031,
        -0.27472111597151105,
        -0.18666060521217495,
        4.787836793695989e-16,
        0.983001973495594,
        0.18359498932097093,
        0.020632637388122186,
        0,
        0,
        0,
        1
      ],
      "fov": 50,
      "aspect": 1
    },
    {
      "camera_to_world": [
        0.2215298736482638,
        0.17791300400106555,
        -0.9587864611521699,
        -0.7509054285020073,
        -0.9751535853809822,
        0.04041726953333337,
        -0.21781168297886505,
        -0.13272338860553107,
        4.718447854656915e-16,
        0.9832158498167056,
        0.18244613635046728,
        0.017775397314022626,
        0,
        0,
        0,
        1
      ],
      "fov": 50,
      "aspect": 1
    },
    {
      "camera_to_world": [
        0.16444712709222684,
        0.17849253512378335,
        -0.9701018283129859,
        -0.7509192321382583,
        -0.9863858993269892,
        0.029757709055393326,
        -0.1617322984461099,
        -0.07931343512137318,
        4.787836793695989e-16,
        0.9834911761967463,
        0.180956089544233,
        0.014964825225416496,
        0,
        0,
        0,
        1
      ],
      "fov": 50,
      "aspect": 1
    },
    {
      "camera_to_world": [
        0.10901007381304652,
        0.17815025345686214,
        -0.9779464663265213,
        -0.7502122531198153,
        -0.9940406449473153,
        0.019536597801969362,
        -0.10724512827653258,
        -0.026897960456508496,
        4.475586568020163e-16,
        0.9838093354606775,
        0.1792182788122354,
        0.012235701979416761,
        0,
        0,
        0,
        1
      ],
      "fov": 50,
      "aspect": 1
    },
    {
      "camera_to_world": [
        0.055868777282223364,
        0.177060582341715,
        -0.9826129603795191,
        -0.7487662836008756,
        -0.9984381201281276,
        0.009907632772515744,
        -0.05498326188810236,
        0.02405581969225451,
        4.0766001685454967e-16,
        0.9841500845875377,
        0.17733756231081527,
        0.009622808433136409,
        0,
        0,
        0,
        1
      ],
      "fov": 50,
      "aspect": 1
    },
    {
      "camera_to_world": [
        0.005521042321139078,
        0.17542072791784513,
        -0.984478078124882,
        -0.7465631157356363,
        -0.9999847589296992,
        0.0009685200241215994,
        -0.005435427975300956,
        0.07308068962810899,
        3.8369914884262017e-16,
        0.9844930828531687,
        0.1754234015582407,
        0.007160925443688432,
        0,
        0,
        0,
        1
      ],
      "fov": 50,
      "aspect": 1
    },
    {
      "camera_to_world": [
        -0.041685280957789,
        0.1734337624643812,
        -0.9839629400485157,
        -0.7435845416782951,
        -0.9991307909135171,
        -0.007235924647346413,
        0.041052454774687115,
        0.11970943365424425,
        3.408731630294426e-16,
        0.9848189536315528,
        0.17358464381405828,
        0.004884833868185896,
        0,
        0,
        0,
        1
      ],
      "fov": 50,
      "aspect": 1
    },
    {
      "camera_to_world": [
        -0.08553669914675185,
        0.1712962602487056,
        -0.9814993959875297,
        -0.7398123535830489,
        -0.9963350205122162,
        -0.014706013917210596,
        0.0842630408636476,
        0.16347483607385438,
        2.8796409701215003e-16,
        0.9851098032095075,
        0.17192636685664436,
        0.0028293145637417402,
        0,
        0,
        0,
        1
      ],
      "fov": 50,
      "aspect": 1
    },
    {
      "camera_to_world": [
        -0.12593048245968683,
        0.16919111120211597,
        -0.9775049265746254,
        -0.735228343604095,
        -0.992039068579192,
        -0.021477297554508494,
        0.12408550319148726,
        0.20390968119012987,
        2.289834988289386e-16,
        0.9853492241738195,
        0.17054883881179514,
        0.0010291483874690158,
        0,
        0,
        0,
        1
      ],
      "fov": 50,
      "aspect": 1
    },
    {
      "camera_to_world": [
        -0.1628477272953458,
        0.16728513853998273,
        -0.9723663405005334,
        -0.7298143038956306,
        -0.9866512138110107,
        -0.02761057224700395,
        0.16048999528148877,
        0.24054675330626374,
        2.0469737016526329e-16,
        0.985521861109053,
        0.16954840393276557,
        -0.0004808838035193358,
        0,
        0,
        0,
        1
      ],
      "fov": 50,
      "aspect": 1
    },
    {
      "camera_to_world": [
        -0.19632638678621095,
        0.16573067049447537,
        -0.9664312157152845,
        -0.723552026611853,
        -0.9805386019180842,
        -0.03318309310228923,
        0.19350176350796833,
        0.27291883672544726,
        1.457167719820518e-16,
        0.9856126151737388,
        0.16902003671276244,
        -0.001666001152110283,
        0,
        0,
        0,
        1
      ],
      "fov": 50,
      "aspect": 1
    },
    {
      "camera_to_world": [
        -0.2264361004016726,
        0.16467018488688837,
        -0.9600054284451737,
        -0.7164233039069599,
        -0.9740260224628928,
        -0.03828159993500573,
        0.22317667143214703,
        0.3005587157508718,
        7.632783294297952e-17,
        0.9856055241909585,
        0.16906138141002464,
        -0.0024914228011908013,
        0,
        0,
        0,
        1
      ],
      "fov": 50,
      "aspect": 1
    },
    {
      "camera_to_world": [
        -0.25672759005243245,
        0.16411232112030036,
        -0.9524484713423492,
        -0.7074547903996783,
        -0.9664838045750535,
        -0.0435932402588477,
        0.25299937726773997,
        0.32621931160810175,
        1.1102230246251563e-16,
        0.9854779426553604,
        0.16980348800822145,
        -0.003037643688003515,
        0,
        0,
        0,
        1
      ],
      "fov": 50,
      "aspect": 1
    },
    {
      "camera_to_world": [
        -0.2906998453115867,
        0.16384184080290995,
        -0.9426820519868475,
        -0.6958280237820246,
        -0.9568142975184996,
        -0.04977851804733366,
        0.28640617871336455,
        0.3528649041204699,
