{
  "keyframes": [
    {
      "matrix": "[0.2816989862307021,0.9595028370177136,-5.551115159453519e-17,0,-0.25054670357316866,0.07355762763492782,0.9653059760626175,0,0.9262138094050077,-0.271925710978852,0.26112137829194015,0,0.8073252345997078,-0.9120210902577025,0.02802728134478244,1]",
      "fov": 50,
      "aspect": 1,
      "properties": "[[\"FOV\",50],[\"NAME\",\"Camera 0\"],[\"TIME\",0]]"
    },
    {
      "matrix": "[0.6253378074293426,0.7803541757996229,-5.551115159453519e-17,0,-0.08115319259903223,0.06503221370446155,0.9945777863940781,0,0.7761229176947597,-0.6219470833863124,0.10399533317031932,0,0.5621148766855424,-0.9024087499787148,0.00482499144593318,1]",
      "fov": 50,
      "aspect": 1,
      "properties": "[[\"FOV\",50],[\"NAME\",\"Camera 1\"],[\"TIME\",0.016666666666666666]]"
    },
    {
      "matrix": "[0.9701935744652966,-0.242331263263115,4.1633363695901395e-17,0,0.025201320490410708,0.10089560413544327,0.994577786394079,0,-0.2410172879509525,-0.9649329638956983,0.10399533317031022,0,0.3817801963026216,-0.8986753121251819,-0.008486411284894607,1]",
      "fov": 50,
      "aspect": 1,
      "properties": "[[\"FOV\",50],[\"NAME\",\"Camera 2\"],[\"TIME\",0.03333333333333333]]"
    },
    {
      "matrix": "[0.6411749031186645,-0.7673947854261308,2.2204460637814075e-16,0,0.2733357797054279,0.22837794235749698,0.9344148273942594,0,-0.7170650557345741,-0.5991233278775672,0.35618665199899574,0,0.37701971859437833,-0.8950172157416332,-0.005964498080499536,1]",
      "fov": 50,
      "aspect": 1,
      "properties": "[[\"FOV\",50],[\"NAME\",\"Camera 3\"],[\"TIME\",0.05]]"
    },
    {
      "matrix": "[0.095880793216638,-0.9953928302839009,-2.2204460637814075e-16,0,0.2212863438238064,0.02131531344040784,0.9749759043827146,0,-0.9704840110731462,-0.09348146174532755,0.22231056606987337,0,0.3744855290248066,-0.8899607970480127,-0.007303258948342384,1]",
      "fov": 50,
      "aspect": 1,
      "properties": "[[\"FOV\",50],[\"NAME\",\"Camera 4\"],[\"TIME\",0.06666666666666667]]"
    },
    {
      "matrix": "[0.8704069649060464,-0.49233294479598955,2.7755575797267594e-17,0,0.051200328685287344,0.0905182624161372,0.9945777863940782,0,-0.48966340341649406,-0.8656874200647388,0.10399533317031821,0,0.37929373513208614,-0.8976828566805304,-0.008486411284895676,1]",
      "fov": 50,
      "aspect": 1,
      "properties": "[[\"FOV\",50],[\"NAME\",\"Camera 5\"],[\"TIME\",0.08333333333333333]]"
    },
    {
      "matrix": "[0.7349306086255646,0.6781423254698852,2.2204460637814075e-16,0,-0.070523637157475,0.07642935359139885,0.9945777863940781,0,0.6744652833012379,-0.7309456474493495,0.10399533317031877,0,0.3909350220736216,-0.8963354389457692,-0.008486411284895745,1]",
      "fov": 50,
      "aspect": 1,
      "properties": "[[\"FOV\",50],[\"NAME\",\"Camera 6\"],[\"TIME\",0.1]]"
    },
    {
      "matrix": "[0.045548578379853086,0.9989621314624594,-2.775557579726759e-16,0,-0.08399703694425316,0.0038299205749971663,0.9964586454890324,0,0.9954244382070454,-0.045387274068655434,0.08408430529996386,0,0.5814813133239575,-0.5820804949540719,-0.00464947488469411,1]",
      "fov": 50,
      "aspect": 1,
      "properties": "[[\"FOV\",50],[\"NAME\",\"Camera 7\"],[\"TIME\",0.11666666666666667]]"
    },
    {
      "matrix": "[0.9624881726435633,-0.2713236639323973,5.551115159453519e-17,0,0.006560971603403731,0.02327426026098425,0.9997075898170352,0,-0.27124432225948214,-0.9622067175700477,0.024181346737545448,0,0.009729563679712394,-0.667637585901319,-0.058124456440048294,1]",
      "fov": 50,
      "aspect": 1,
      "properties": "[[\"FOV\",50],[\"NAME\",\"Camera 8\"],[\"TIME\",0.13333333333333333]]"
    },
    {
      "matrix": "[0.5446974572836139,-0.8386326329908776,-2.2204460637814075e-16,0,0.020279266507737877,0.01317151809719935,0.9997075898170356,0,-0.8383873963052957,-0.544538174429818,0.024181346737545562,0,-0.021163048531152306,-0.42179009861126515,-0.06276727504331325,1]",
      "fov": 50,
      "aspect": 1,
      "properties": "[[\"FOV\",50],[\"NAME\",\"Camera 9\"],[\"TIME\",0.15]]"
    },
    {
      "matrix": "[0.5446974572836132,-0.8386326329908781,-5.551115159453519e-17,0,0.020279266507738154,0.013171518097199793,0.9997075898170354,0,-0.8383873963052959,-0.5445381744298172,0.024181346737546003,0,0.11297893573453105,-0.33466399014597314,-0.06663629054603405,1]",
      "fov": 50,
      "aspect": 1,
      "properties": "[[\"FOV\",50],[\"NAME\",\"Camera 10\"],[\"TIME\",0.16666666666666666]]"
    },
    {
      "matrix": "[0.06598034425321422,-0.9978209294561191,1.6653345478360553e-16,0,0.024128653905672856,0.0015954935841351878,0.9997075898170352,0,-0.9975291422206624,-0.06596104998740379,0.02418134673754667,0,0.20187188898982678,-0.24372028367525184,-0.06895769984766664,1]",
      "fov": 50,
      "aspect": 1,
      "properties": "[[\"FOV\",50],[\"NAME\",\"Camera 11\"],[\"TIME\",0.18333333333333332]]"
    },
    {
      "matrix": "[0.06598034425320447,-0.99782092945612,2.2204460637814075e-16,0,-0.19414331859853604,-0.012837617068798948,0.9808891732037851,0,-0.9787517325326941,-0.06471940439867005,-0.19456729422876906,0,0.20205966308790613,-0.24370786721928495,-0.07114518627130237,1]",
      "fov": 50,
      "aspect": 1,
      "properties": "[[\"FOV\",50],[\"NAME\",\"Camera 12\"],[\"TIME\",0.2]]"
    },
    {
      "matrix": "[0.329740145595443,-0.9440717395786941,4.996003643508166e-16,0,-0.18368548414474084,-0.06415664800292091,0.9808891732037838,0,-0.9260297348658039,-0.32343853416968715,-0.19456729422877075,0,0.20258688306794298,-0.24629505853352068,-0.07114518627130233,1]",
      "fov": 50,
      "aspect": 1,
      "properties": "[[\"FOV\",50],[\"NAME\",\"Camera 13\"],[\"TIME\",0.21666666666666667]]"
    },
    {
      "matrix": "[0.9922265695994049,-0.12444455660832951,2.7755575797267594e-17,0,0.005496632613701313,0.043825982198694484,0.9990240602663645,0,-0.12432310444678918,-0.9912582021199426,0.04416932935448238,0,0.5169224871345988,-0.31528936097844595,-0.08064883746839877,1]",
      "fov": 50,
      "aspect": 1,
      "properties": "[[\"FOV\",50],[\"NAME\",\"Camera 14\"],[\"TIME\",0.23333333333333334]]"
    },
    {
      "matrix": "[0.9724603056213919,0.2330685887870683,-6.938893949316898e-17,0,-0.010294483272486036,0.042952919573912195,0.9990240602663643,0,0.23284112456792663,-0.9715112291061238,0.04416932935448427,0,0.7615044222515649,-0.18334364244563772,-0.08700922093607139,1]",
      "fov": 50,
      "aspect": 1,
      "properties": "[[\"FOV\",50],[\"NAME\",\"Camera 15\"],[\"TIME\",0.25]]"
    },
    {
      "matrix": "[0.1648089837218651,0.9863255101501799,2.2204460637814075e-16,0,-0.043565336360034866,0.007279502291190695,0.9990240602663646,0,0.9853629018332317,-0.16464813773663453,0.04416932935448372,0,0.8221817143281647,-0.04144791800754949,-0.08700922093607133,1]",
      "fov": 50,
      "aspect": 1,
      "properties": "[[\"FOV\",50],[\"NAME\",\"Camera 16\"],[\"TIME\",0.26666666666666666]]"
    },
    {
      "matrix": "[0.8444643751841076,0.5356117363663357,1.6653345478360558e-16,0,-0.10860486040133445,0.1712302575797971,0.9792268306491739,0,0.5244853755760133,-0.8269221619073501,0.2027678874435875,0,0.8175729390361532,-0.04807065829155899,-0.08542323534504997,1]",
      "fov": 50,
      "aspect": 1,
      "properties": "[[\"FOV\",50],[\"NAME\",\"Camera 17\"],[\"TIME\",0.2833333333333333]]"
    },
    {
      "matrix": "[0.9790137402055705,0.20379428249375883,-2.7755575797267594e-17,0,0.00729759581112229,-0.03505714921013082,0.9993586663763409,0,0.20366357946177263,-0.978385851814222,-0.035808638560416814,0,0.749312568287613,0.26292078009015885,-0.11792872236322005,1]",
      "fov": 50,
      "aspect": 1,
      "properties": "[[\"FOV\",50],[\"NAME\",\"Camera 18\"],[\"TIME\",0.3]]"
    },
    {
      "matrix": "[0.015563714240262372,0.9998788846092774,2.220446063781407e-16,0,0.03580430162547886,-0.0005573154185459479,0.9993586663763407,0,0.9992376144017023,-0.015553732485056499,-0.03580863856041859,0,0.7393307874532017,0.5760261484955894,-0.11105346371570325,1]",
      "fov": 50,
      "aspect": 1,
      "properties": "[[\"FOV\",50],[\"NAME\",\"Camera 19\"],[\"TIME\",0.31666666666666665]]"
    },
    {
      "matrix": "[0.13514949820184122,0.9908252248627083,2.775557579726759e-16,0,0.03548010239558286,-0.004839519538451066,0.999358666376341,0,0.9901897612006603,-0.13506282035705466,-0.0358086385604197,0,0.7443961283546815,0.5747508041889646,0.03285418424248994,1]",
      "fov": 50,
      "aspect": 1,
      "properties": "[[\"FOV\",50],[\"NAME\",\"Camera 20\"],[\"TIME\",0.3333333333333333]]"
    },
    {
      "matrix": "[-0.6476039208067399,0.761977148505245,-5.551115159453519e-17,0,-0.018425633655864086,-0.015659934976126232,0.9997075898170352,0,0.7617543277574734,0.6474145455870539,0.024181346737543564,0,0.7100636797211128,0.7229640386924661,0.03345408409930144,1]",
      "fov": 50,
      "aspect": 1,
      "properties": "[[\"FOV\",50],[\"NAME\",\"Camera 21\"],[\"TIME\",0.35]]"
    },
    {
      "matrix": "[-0.9371726715589169,0.3488658721795066,0,0,-0.00843604663003743,-0.02266209735069694,0.9997075898170352,0,0.3487638552690737,0.9368986193568564,0.024181346737544112,0,0.705933774969849,0.7258588794486542,0.033454084099301395,1]",
      "fov": 50,
      "aspect": 1,
      "properties": "[[\"FOV\",50],[\"NAME\",\"Camera 22\"],[\"TIME\",0.36666666666666664]]"
    },
    {
      "matrix": "[-0.9371726715589174,0.34886587217950665,1.1102230318907038e-16,0,-0.008436046630037459,-0.022662097350697165,0.9997075898170354,0,0.34876385526907366,0.9368986193568565,0.02418134673754445,0,0.6110700057307132,0.47102245335580695,0.02687675774467695,1]",
      "fov": 50,
      "aspect": 1,
      "properties": "[[\"FOV\",50],[\"NAME\",\"Camera 23\"],[\"TIME\",0.38333333333333336]]"
    },
    {
      "matrix": "[-0.9371726715589174,0.34886587217950665,5.551115159453519e-17,0,-0.008436046630037431,-0.022662097350696943,0.9997075898170354,0,0.34876385526907366,0.9368986193568565,0.024181346737544115,0,0.5106260147716295,0.20119564925750155,0.019912529839779716,1]",
      "fov": 50,
      "aspect": 1,
      "properties": "[[\"FOV\",50],[\"NAME\",\"Camera 24\"],[\"TIME\",0.4]]"
    },
    {
      "matrix": "[0.42192212233594173,0.9066320840186389,-2.220446063781407e-16,0,-0.02192358481294511,0.010202645148503348,0.999707589817035,0,0.9063669626310605,-0.4217987419918136,0.024181346737545,0,0.23642206174823163,-0.3374819381335632,0.008305483331617968,1]",
      "fov": 50,
      "aspect": 1,
      "properties": "[[\"FOV\",50],[\"NAME\",\"Camera 25\"],[\"TIME\",0.4166666666666667]]"
    },
    {
      "matrix": "[0.9880473244067892,-0.15415089302703233,-4.1633363695901395e-17,0,0.0037275761985937207,0.023892314972817106,0.9997075898170359,0,-0.15410581553708225,-0.9877583952124034,0.024181346737543897,0,-0.18018697435518827,-0.41314810510303274,0.0028888616278092503,1]",
      "fov": 50,
      "aspect": 1,
      "properties": "[[\"FOV\",50],[\"NAME\",\"Camera 26\"],[\"TIME\",0.43333333333333335]]"
    },
    {
      "matrix": "[0.9984751082019218,0.05520390737626366,0,0,-0.0013349048271101942,0.02414447282876976,0.9997075898170356,0,0.05518776440406873,-0.9981831296686058,0.02418134673754434,0,-0.18250905972293469,-0.33339770156469795,0.0009543538764487831,1]",
      "fov": 50,
      "aspect": 1,
      "properties": "[[\"FOV\",50],[\"NAME\",\"Camera 27\"],[\"TIME\",0.45]]"
    },
    {
      "matrix": "[0.9999886395786206,-0.004767997708261055,4.336808718323062e-19,0,0.00011529660596352319,0.024181072055830793,0.9997075898170354,0,-0.004766603429158575,-0.9996962184517256,0.024181346737544004,0,-0.23761635470088593,-0.13274493027628156,-0.004075366277088047,1]",
      "fov": 50,
      "aspect": 1,
      "properties": "[[\"FOV\",50],[\"NAME\",\"Camera 28\"],[\"TIME\",0.4666666666666667]]"
    },
    {
      "matrix": "[0.9999886395786206,-0.0047679977082699995,-4.336808718323062e-19,0,0.001428084222472962,0.2995110497552196,0.9540917641017779,0,-0.004549107279800031,-0.9540809116024078,0.29951445201166493,0,-0.23702198069638641,-0.008087309084452904,-0.032267868803962194,1]",
      "fov": 50,
      "aspect": 1,
      "properties": "[[\"FOV\",50],[\"NAME\",\"Camera 29\"],[\"TIME\",0.48333333333333334]]"
    },
    {
      "matrix": "[0.03602051743344755,-0.9993510571427201,5.551115159453518e-16,0,0.16334099847519312,0.005887447900435851,0.9865521065058898,0,-0.9859118764939105,-0.03553611684429314,0.16344706608825105,0,-0.3598918206183555,0.20405432699731232,-0.06585993685516142,1]",
      "fov": 50,
      "aspect": 1,
      "properties": "[[\"FOV\",50],[\"NAME\",\"Camera 30\"],[\"TIME\",0.5]]"
    },
    {
      "matrix": "[-0.26091671627269264,-0.9653613210906691,-2.77555757972676e-16,0,0.15778547583380687,-0.042646071818548466,0.9865521065058903,0,-0.9523792312706966,0.25740793238817,0.16344706608825152,0,-0.35955649416398117,0.2069837675083489,-0.06585993685516142,1]",
      "fov": 50,
      "aspect": 1,
      "properties": "[[\"FOV\",50],[\"NAME\",\"Camera 31\"],[\"TIME\",0.5166666666666667]]"
    },
    {
      "matrix": "[0.0060282745793342335,-0.9999818363320618,-1.1102230318907038e-16,0,-0.1749087297454748,-0.0010544170013086543,0.9845840884050862,0,-0.984566190696722,-0.005935343146650928,-0.17491190658057099,0,-0.3934608398714278,0.20414788667192818,0.11979661837031423,1]",
      "fov": 50,
      "aspect": 1,
      "properties": "[[\"FOV\",50],[\"NAME\",\"Camera 32\"],[\"TIME\",0.5333333333333333]]"
    },
    {
      "matrix": "[0.00602827457932602,-0.9999818363320624,-2.220446063781408e-16,0,0.18314077801357515,0.0011040429500064131,0.9830860792395597,0,-0.9830682087619135,-0.005926312736199741,0.18314410436585007,0,-0.3934458600519837,0.2041479769760334,0.12337717850264933,1]",
      "fov": 50,
      "aspect": 1,
      "properties": "[[\"FOV\",50],[\"NAME\",\"Camera 33\"],[\"TIME\",0.55]]"
    },
    {
      "matrix": "[0.006028274579324021,-0.9999818363320626,-5.55111515945352e-16,0,0.18314077801357503,0.001104042950005414,0.9830860792395602,0,-0.9830682087619139,-0.005926312736198354,0.18314410436584963,0,-0.20469676276405568,0.20528582902865214,0.08821351023979701,1]",
      "fov": 50,
      "aspect": 1,
      "properties": "[[\"FOV\",50],[\"NAME\",\"Camera 34\"],[\"TIME\",0.5666666666666667]]"
    },
    {
      "matrix": "[0.9993956599631868,-0.03476101171129344,3.469446974658449e-18,0,0.011729351413530861,0.3372244454282493,0.9413512088470968,0,-0.03272231992822116,-0.9407822991977666,0.337428366501177,0,0.05167599502302549,0.10458000300673079,0.14095263918805273,1]",
      "fov": 50,
      "aspect": 1,
      "properties": "[[\"FOV\",50],[\"NAME\",\"Camera 35\"],[\"TIME\",0.5833333333333334]]"
    },
    {
      "matrix": "[0.9933681446594331,0.1149771380071793,6.938893949316899e-18,0,-0.09036290988000698,0.7807085624963559,0.6183273304971676,0,0.07109350579766734,-0.6142266643230738,0.785920673791522,0,0.052714153286915595,0.10784555937633677,0.14543756228960342,1]",
      "fov": 50,
      "aspect": 1,
      "properties": "[[\"FOV\",50],[\"NAME\",\"Camera 36\"],[\"TIME\",0.6]]"
    },
    {
      "matrix": "[0.9922265695993936,-0.12444455660841947,2.7755575797267594e-17,0,0.022791286890189482,0.18172044663204168,0.9830860792395563,0,-0.1223397094930679,-0.975444114105031,0.18314410436586814,0,0.032174384508145706,0.26497880233299165,0.07019456349077383,1]",
      "fov": 50,
      "aspect": 1,
      "properties": "[[\"FOV\",50],[\"NAME\",\"Camera 37\"],[\"TIME\",0.6166666666666667]]"
    },
    {
      "matrix": "[0.7349306086256907,0.6781423254697485,3.3306690956721116e-16,0,-0.12419776897751451,0.13459820824687502,0.9830860792395558,0,0.6666722703989241,-0.7225000402367735,0.18314410436587236,0,0.06551116409456303,0.4704006201176595,0.03210058953934669,1]",
      "fov": 50,
      "aspect": 1,
      "properties": "[[\"FOV\",50],[\"NAME\",\"Camera 38\"],[\"TIME\",0.6333333333333333]]"
    },
    {
      "matrix": "[0.1053683872559404,0.9944332637515347,3.8857806116174643e-16,0,-0.2788132203672232,0.02954255498744983,0.9598908418513717,0,0.9545473690859158,-0.10114214850431064,0.28037398808031705,0,0.1109271220390099,0.5603835866542975,0.046892941116847636,1]",
      "fov": 50,
      "aspect": 1,
      "properties": "[[\"FOV\",50],[\"NAME\",\"Camera 39\"],[\"TIME\",0.65]]"
    },
    {
      "matrix": "[0.10536838725594525,0.9944332637515332,-7.771561223234925e-16,0,-0.10341641870173963,0.010957820551255843,0.9945777863940728,0,0.9890412200648494,-0.10479705585745942,0.10399533317036148,0,0.11127206055100203,0.5603470375805326,0.04512915455648183,1]",
      "fov": 50,
      "aspect": 1,
      "properties": "[[\"FOV\",50],[\"NAME\",\"Camera 40\"],[\"TIME\",0.6666666666666666]]"
    },
    {
      "matrix": "[-0.5007245890533502,0.8656066652965426,-5.55111515945352e-17,0,-0.25926170632034823,-0.14997425107632814,0.9540917641017653,0,0.8258681785257467,0.47773719968165196,0.2995144520117048,0,0.013513157197641679,0.6936876105475729,0.04708434575738382,1]",
      "fov": 50,
      "aspect": 1,
      "properties": "[[\"FOV\",50],[\"NAME\",\"Camera 41\"],[\"TIME\",0.6833333333333333]]"
    },
    {
      "matrix": "[-0.9647352419994197,0.2632221987841591,4.1633363695901395e-17,0,-0.17041318646123108,-0.6245810856377586,0.7621402863125339,0,0.20061223908240333,0.7352635830608943,0.6474119092044667,0,-0.2389242881045133,0.6207932739863722,0.0292852333524225,1]",
      "fov": 50,
      "aspect": 1,
      "properties": "[[\"FOV\",50],[\"NAME\",\"Camera 42\"],[\"TIME\",0.7]]"
    },
    {
      "matrix": "[-0.9996525842170184,0.02635761667303146,-3.469446974658449e-18,0,-0.005344478257155187,-0.20269744291877856,0.9792268306491659,0,0.025810085069883956,0.9788866178242029,0.20276788744362653,0,-0.24067230965580416,0.6232295043495658,0.024838793106412238,1]",
      "fov": 50,
      "aspect": 1,
      "properties": "[[\"FOV\",50],[\"NAME\",\"Camera 43\"],[\"TIME\",0.7166666666666667]]"
    },
    {
      "matrix": "[-0.9996525842170184,0.026357616673030985,-5.204170461987673e-18,0,-0.0016905681739354493,-0.064117361779481,0.9979409344117268,0,0.02630334423619752,0.9975942197447921,0.06413964482864062,0,-0.24858467229587541,0.32314115195682314,-0.01822646044112354,1]",
      "fov": 50,
      "aspect": 1,
      "properties": "[[\"FOV\",50],[\"NAME\",\"Camera 44\"],[\"TIME\",0.7333333333333333]]"
    },
    {
      "matrix": "[0.7549411329158936,0.6557925730900843,-5.551115159453519e-17,0,0.03658490872445358,-0.04211614094670367,0.9984426762725258,0,0.6547712824120133,-0.7537654344203978,-0.05578731779293093,0,-0.20896566614096734,-0.3758786669656789,-0.04816029114177342,1]",
      "fov": 50,
      "aspect": 1,
      "properties": "[[\"FOV\",50],[\"NAME\",\"Camera 45\"],[\"TIME\",0.75]]"
    },
    {
      "matrix": "[0.9650317224012709,0.26213314908207,2.7755575797267594e-17,0,-0.01681312709980689,0.061896791996338546,0.9979409344117267,0,0.26159339600226766,-0.9630446450472737,0.06413964482864574,0,-0.44565389762971375,-0.30520848447763815,-0.060302067717471944,1]",
      "fov": 50,
      "aspect": 1,
      "properties": "[[\"FOV\",50],[\"NAME\",\"Camera 46\"],[\"TIME\",0.7666666666666667]]"
    },
    {
      "matrix": "[0.9846861285050227,0.17433657510183137,-4.1633363695901395e-17,0,-0.011181886020887866,0.06315741862464089,0.9979409344117267,0,0.1739776021765721,-0.9826585811598647,0.06413964482864573,0,-0.5093124710151367,-0.07427390755231461,-0.07569558257467376,1]",
      "fov": 50,
      "aspect": 1,
      "properties": "[[\"FOV\",50],[\"NAME\",\"Camera 47\"],[\"TIME\",0.7833333333333333]]"
    },
    {
      "matrix": "[0.9846861285050227,0.17433657510183131,1.3877787898633797e-17,0,-0.011181886020887868,0.06315741862464068,0.9979409344117269,0,0.1739776021765721,-0.982658581159865,0.06413964482864563,0,-0.4472964045764263,0.30965953423740133,-0.09929897202238291,1]",
      "fov": 50,
      "aspect": 1,
      "properties": "[[\"FOV\",50],[\"NAME\",\"Camera 48\"],[\"TIME\",0.8]]"
    },
    {
      "matrix": "[-0.251699276582458,0.9678055007367513,-2.2204460637814075e-16,0,-0.3983264508593575,-0.10359362438902794,0.9113750063550108,0,0.8820337317976014,0.2293924265214207,0.41157696467463395,0,-0.528447236525555,0.5455396560251712,-0.11429681663037294,1]",
      "fov": 50,
      "aspect": 1,
      "properties": "[[\"FOV\",50],[\"NAME\",\"Camera 49\"],[\"TIME\",0.8166666666666667]]"
    },
    {
      "matrix": "[-0.2516992765824506,0.9678055007367529,-2.220446063781407e-16,0,-0.5965713443731833,-0.15515160400952624,0.7874202267677062,0,0.7620696159823063,0.19819309861557216,0.6164165663597233,0,-0.458148191571464,0.5638224811857142,0.06400756613242425,1]",
      "fov": 50,
      "aspect": 1,
      "properties": "[[\"FOV\",50],[\"NAME\",\"Camera 50\"],[\"TIME\",0.8333333333333334]]"
    },
    {
      "matrix": "[0.045548578379963435,0.9989621314624544,-3.3306690956721096e-16,0,-0.37441347233875616,0.017071719591982656,0.9271046924691249,0,0.926142466461592,-0.04222830014875695,0.3748024675852046,0,-0.4565074630561916,0.5614182671827139,0.06159142512924573,1]",
      "fov": 50,
      "aspect": 1,
      "properties": "[[\"FOV\",50],[\"NAME\",\"Camera 51\"],[\"TIME\",0.85]]"
    },
    {
      "matrix": "[0.0455485783799488,0.9989621314624555,1.1102230318907038e-16,0,0.07566507094625276,-0.0034500170788000764,0.9971273224105923,0,0.99609242112033,-0.04541773135148875,-0.07574368284217745,0,-0.45580796350513675,0.5613863728704829,0.05708596359619318,1]",
      "fov": 50,
      "aspect": 1,
      "properties": "[[\"FOV\",50],[\"NAME\",\"Camera 52\"],[\"TIME\",0.8666666666666667]]"
    },
    {
      "matrix": "[0.04554857837994891,0.9989621314624554,-2.2204460637814075e-16,0,0.07566507094625304,-0.0034500170787996323,0.9971273224105923,0,0.99609242112033,-0.04541773135148881,-0.07574368284217767,0,-0.6311202307421311,0.5693798936394042,0.07041685186156815,1]",
      "fov": 50,
      "aspect": 1,
      "properties": "[[\"FOV\",50],[\"NAME\",\"Camera 53\"],[\"TIME\",0.8833333333333333]]"
    },
    {
      "matrix": "[-0.3935000116499323,0.9193246183584715,0,0,-0.15026091183100598,-0.06431642248589785,0.9865521065058821,0,0.9069616258617712,0.38820825986353286,0.16344706608830115,0,-0.7423906956830904,0.5787489906858789,0.05450268784733131,1]",
      "fov": 50,
      "aspect": 1,
      "properties": "[[\"FOV\",50],[\"NAME\",\"Camera 54\"],[\"TIME\",0.9]]"
    },
    {
      "matrix": "[-0.997975707660329,-0.06359638361032821,0,0,0.028471657481458447,-0.4467867653830949,0.8941873146470112,0,-0.056867078670277765,0.8923772053813671,0.4476930264190213,0,-0.9490995582479766,0.657248386783899,0.10032367827954614,1]",
      "fov": 50,
      "aspect": 1,
      "properties": "[[\"FOV\",50],[\"NAME\",\"Camera 55\"],[\"TIME\",0.9166666666666666]]"
    },
    {
      "matrix": "[-0.997975707660329,-0.06359638361032997,3.469446974658449e-18,0,0.04918530150059832,-0.7718321905268405,0.6339210348771339,0,-0.040315084737400544,0.6326377843544284,0.773397772801751,0,-0.9489340383075898,0.654650992557038,0.10358072576417765,1]",
      "fov": 50,
      "aspect": 1,
      "properties": "[[\"FOV\",50],[\"NAME\",\"Camera 56\"],[\"TIME\",0.9333333333333333]]"
    },
    {
      "matrix": "[-0.9979757076603305,-0.06359638361029976,0,0,0.0002660676755743019,-0.0041752228938659,0.999991249661036,0,-0.06359582621286321,0.9979669607934549,0.004183691904405385,0,-0.937973980238863,0.48266209812319016,0.09515225512619223,1]",
      "fov": 50,
      "aspect": 1,
      "properties": "[[\"FOV\",50],[\"NAME\",\"Camera 57\"],[\"TIME\",0.95]]"
    },
    {
      "matrix": "[-0.5705348893366748,-0.8212733729630076,2.2204460637814075e-16,0,0.003435954765828942,-0.00238694220051914,0.9999912496610365,0,-0.8212661748230059,0.570529888821445,0.004183691904404497,0,-0.9404630176438288,0.39855037000272525,0.09481755977170202,1]",
      "fov": 50,
      "aspect": 1,
      "properties": "[[\"FOV\",50],[\"NAME\",\"Camera 58\"],[\"TIME\",0.9666666666666667]]"
    },
    {
      "matrix": "[-0.5705348893367217,-0.8212733729629749,0,0,0.5190781502695272,-0.3606012379929991,0.7749352384216022,0,-0.6364336680043609,0.4421275841867596,0.6320406416969306,0,-0.9386146925638351,0.39726634694817564,0.10109612930973089,1]",
      "fov": 50,
      "aspect": 1,
      "properties": "[[\"FOV\",50],[\"NAME\",\"Camera 59\"],[\"TIME\",0.9833333333333333]]"
    },
    {
      "matrix": "[-0.9647352419994226,0.26322219878415065,0,0,-0.04820759390251417,-0.1766855720549974,0.9830860792395506,0,0.2587700756788317,0.9484177730273498,0.18314410436590003,0,-0.47485574743980524,0.16463302710242095,-0.08104824068175961,1]",
      "fov": 50,
      "aspect": 1,
      "properties": "[[\"FOV\",50],[\"NAME\",\"Camera 60\"],[\"TIME\",1]]"
    }
  ],
  "camera_type": "perspective",
  "render_height": 1080,
  "render_width": 1920,
  "camera_path": [
    {
      "camera_to_world": [
        0.2816989843872011,
        -0.25054670323782907,
        0.9262138153212114,
        0.8073252345997078,
        0.9595028307385131,
        0.07355762753647603,
        -0.2719257127157813,
        -0.9120210902577025,
        -4.163336342344336e-17,
        0.9653059747706219,
        0.2611213799598565,
        0.02802728134478244,
        0,
        0,
        0,
        1
      ],
      "fov": 50,
      "aspect": 1
    },
    {
      "camera_to_world": [
        0.35299135391270653,
        -0.21590349787053237,
        0.910375078563854,
        0.7556720555340433,
        0.935579126835601,
        0.0716515302018122,
        -0.34577124757456806,
        -0.9099506598152203,
        0.009423454377711943,
        0.9737821819210947,
        0.22728717667431955,
        0.02308845529116101,
        0,
        0,
        0,
        1
      ],
      "fov": 50,
      "aspect": 1
    },
    {
      "camera_to_world": [
        0.39205261481874254,
        -0.1853187420253289,
        0.9010836315614307,
        0.7199931266824364,
        0.9198715026886376,
        0.06677707685617593,
        -0.38649351941254123,
        -0.9084412747356073,
        0.011452761899854407,
        0.980406949108733,
        0.19664955729462313,
        0.019587858856052,
        0,
        0,
        0,
        1
      ],
      "fov": 50,
      "aspect": 1
    },
    {
      "camera_to_world": [
        0.4106969150100721,
        -0.16069582030382623,
        0.8974992464275889,
        0.6953015921273431,
        0.9117111557132631,
        0.061014061647624865,
        -0.40627583343000623,
        -0.9073365391813729,
        0.010526753972425746,
        0.9851163066451291,
        0.17156645893840616,
        0.017097597203951383,
        0,
        0,
        0,
        1
      ],
      "fov": 50,
      "aspect": 1
    },
    {
      "camera_to_world": [
        0.4216400487993918,
        -0.14162341605167456,
        0.8956352367310594,
        0.6766105959512195,
        0.9067190894160869,
        0.05609814627878839,
        -0.4179874290843518,
        -0.9064800573150268,
        0.008953331051006735,
        0.988329806294406,
        0.15206587997691368,
        0.015189775499355126,
        0,
        0,
        0,
        1
      ],
      "fov": 50,
      "aspect": 1
    },
    {
      "camera_to_world": [
        0.4366486047416992,
        -0.12668885601191493,
        0.8906671262259093,
        0.6589332822365216,
        0.8996000390175577,
        0.053123821335783555,
        -0.4334716016145607,
        -0.9057154332990782,
        0.007600380038920251,
        0.9905189515446317,
        0.13716574227622563,
        0.013436498906759206,
        0,
        0,
        0,
        1
      ],
      "fov": 50,
      "aspect": 1
    },
    {
      "camera_to_world": [
        0.46705621077832726,
        -0.11395944312928816,
        0.8768533180042449,
        0.6372827950657054,
        0.8842040380814851,
        0.05294925520987041,
        -0.46409007252161283,
        -0.9048862712960369,
        0.006458716109765533,
        0.9920733953162852,
        0.12549367829429067,
        0.011409872590659592,
        0,
        0,
        0,
        1
      ],
      "fov": 50,
      "aspect": 1
    },
    {
      "camera_to_world": [
        0.5252590215730022,
        -0.10058001557944256,
        0.8449772900630002,
        0.606672278521227,
        0.8509294479543686,
        0.05660610217835655,
        -0.5222210487908803,
        -0.9038361754684126,
        0.00469413040360256,
        0.9933173761000119,
        0.11531936297752181,
        0.008682001715552261,
        0,
        0,
        0,
        1
      ],
      "fov": 50,
      "aspect": 1
    },
    {
      "camera_to_world": [
        0.6253378033369926,
        -0.08115319249041425,
        0.7761229226522554,
        0.5621148766855424,
        0.7803541706928111,
        0.06503221361742036,
        -0.6219470873590079,
        -0.9024087499787148,
        -2.7755575615628914e-17,
        0.9945777850629041,
        0.10399533383459098,
        0.00482499144593318,
        0,
        0,
        0,
        1
      ],
      "fov": 50,
      "aspect": 1
    },
    {
      "camera_to_world": [
        0.7392871210771881,
        -0.057019034808872514,
        0.6709719683257027,
        0.5161707287590905,
        0.6733759377916048,
        0.06911466756951067,
        -0.7360625035484643,
        -0.9010721522802545,
        -0.004404431027955452,
        0.9959779075844104,
        0.08949082964806714,
        0.0009060551720125596,
        0,
        0,
        0,
        1
      ],
      "fov": 50,
      "aspect": 1
    },
    {
      "camera_to_world": [
        0.8286674896286224,
        -0.039981630011852384,
        0.5583114371873396,
        0.48277164740070655,
        0.5597365172944131,
        0.06326266093503564,
        -0.8262523022288893,
        -0.9002951284315778,
        -0.0022853533027784247,
        0.9971957205047632,
        0.07480288876285074,
        -0.001883895935255463,
        0,
        0,
        0,
        1
      ],
      "fov": 50,
      "aspect": 1
    },
    {
      "camera_to_world": [
        0.8953288452310622,
        -0.03238855753244764,
        0.44422656408434225,
        0.4589882868804403,
        0.44537950525562314,
        0.0542803432243186,
        -0.8936949930696192,
        -0.8999221655030455,
        0.004832721331637899,
        0.9980003134670938,
        0.0630239567475197,
        -0.003787210040259023,
        0,
        0,
        0,
        1
      ],
      "fov": 50,
      "aspect": 1
    },
    {
      "camera_to_world": [
        0.9437517412630388,
        -0.03165970643437165,
        0.3291357073480054,
        0.44189130146834166,
        0.3303659523669639,
        0.04868046852385137,
        -0.9425967056493287,
        -0.8997977505650184,
        0.013819854545233445,
        0.998312513681356,
        0.056401566002734986,
        -0.005046235307386255,
        0,
        0,
        0,
        1
      ],
      "fov": 50,
      "aspect": 1
    },
    {
      "camera_to_world": [
        0.9774133415145173,
        -0.03227411318976911,
        0.20885770621942493,
        0.42855134543446066,
        0.2103011110914452,
        0.05082243835068851,
        -0.9763147660635857,
        -0.8997663706878578,
        0.02089503537037618,
        0.9981860855461293,
        0.05646181115556153,
        -0.005903319901025295,
        0,
        0,
        0,
        1
      ],
      "fov": 50,
      "aspect": 1
    },
    {
      "camera_to_world": [
        0.9966664630772133,
        -0.027302245759484593,
        0.07688009335092409,
        0.4160390730488469,
        0.07845638615729619,
        0.06232710845547112,
        -0.9949672994740667,
        -0.8996725129419241,
        0.022373127816541886,
        0.9976822735360533,
        0.0642613742744118,
        -0.006600811985564278,
        0,
        0,
        0,
        1
      ],
      "fov": 50,
      "aspect": 1
    },
    {
      "camera_to_world": [
        0.997305002050722,
        -0.00966676031893429,
        -0.07272748194146242,
        0.4014251385815506,
        -0.07170732246127354,
        0.08122997834318399,
        -0.9941125441939663,
        -0.8993606643975787,
        0.015517499477828347,
        0.9966485059253849,
        0.08031788621878355,
        -0.007381059725391329,
        0,
        0,
        0,
        1
      ],
      "fov": 50,
      "aspect": 1
    },
    {
      "camera_to_world": [
        0.9701935681161336,
        0.025201320456680457,
        -0.2410172894904537,
        0.3817801963026216,
        -0.24233126167724514,
        0.10089560400040135,
        -0.9649329700592206,
        -0.8986753121251819,
        4.163336342344337e-17,
        0.994577785062905,
        0.10399533383458176,
        -0.008486411284894607,
        0,
        0,
        0,
        1
      ],
      "fov": 50,
      "aspect": 1
    },
    {
      "camera_to_world": [
        0.9239610403431964,
        0.06409127029720806,
        -0.3770786456425352,
        0.36396119125359094,
        -0.3821858336053393,
        0.11561307512131869,
        -0.9168247408596609,
        -0.8979298791319889,
        -0.015165240496288729,
        0.9912244578967382,
        0.13131675273173332,
        -0.009426811602578937,
        0,
        0,
        0,
        1
      ],
      "fov": 50,
      "aspect": 1
    },
    {
      "camera_to_world": [
        0.885255224632472,
        0.09617776853370993,
        -0.455052770676971,
        0.3553493025827862,
        -0.46445121732860745,
        0.13092155514395798,
        -0.8758679199061135,
        -0.8974727929574051,
        -0.02466280565723626,
        0.9867164654745373,
        0.16056887238362766,
        -0.009665094577138364,
        0,
        0,
        0,
        1
      ],
      "fov": 50,
      "aspect": 1
    },
    {
      "camera_to_world": [
        0.8569149627586325,
        0.1252369480737799,
        -0.5000124532824528,
        0.3538015357204516,
        -0.5145246196690483,
        0.1494777679662284,
        -0.8443463819062977,
        -0.8972010474700189,
        -0.031002618515103865,
        0.980801765761563,
        0.192527229046198,
        -0.009372941813244808,
        0,
        0,
        0,
        1
      ],
      "fov": 50,
      "aspect": 1
    },
    {
      "camera_to_world": [
        0.8346024567583646,
        0.15382163664970877,
        -0.528940113123695,
        0.3571748960968314,
        -0.549717750183662,
        0.17096807882876003,
        -0.8176676043201271,
        -0.8970116365384185,
        -0.03534309417574329,
        0.9731951603455536,
        0.22724886264638744,
        -0.00872203491557019,
        0,
        0,
        0,
        1
      ],
      "fov": 50,
      "aspect": 1
    },
    {
      "camera_to_world": [
        0.8116523882302242,
        0.18321408373555403,
        -0.5546647637998242,
        0.36332638914216964,
        -0.5829590269598159,
        0.19368971140042146,
        -0.7890773527251215,
        -0.8968015540311917,
        -0.03713722615163884,
        0.9638033488313695,
        0.26401502081358774,
        -0.007884055488786432,
        0,
        0,
        0,
        1
      ],
      "fov": 50,
      "aspect": 1
    },
    {
      "camera_to_world": [
        0.7796589024193519,
        0.21379172806029242,
        -0.5885788756753384,
        0.3701130202867108,
        -0.6252737637196021,
        0.2145617766903896,
        -0.7503305700738752,
        -0.8964677938169265,
        -0.034127939905225585,
        0.9530248375548548,
        0.30096335777195193,
        -0.007030685137565456,
        0,
        0,
        0,
        1
      ],
      "fov": 50,
      "aspect": 1
    },
    {
      "camera_to_world": [
        0.7275366843287245,
        0.244891100727758,
        -0.6408734053932282,
        0.37539179496069897,
        -0.685689954432721,
        0.2285114200809727,
        -0.6910946514643492,
        -0.8959073497642109,
        -0.022796037945635256,
        0.9422371674249133,
        0.3341698085959545,
        -0.006333605466579186,
        0,
        0,
        0,
        1
      ],
      "fov": 50,
      "aspect": 1
    },
    {
      "camera_to_world": [
        0.6411748989226729,
        0.2733357793395869,
        -0.7170650603148371,
        0.37701971859437833,
        -0.7673947804041285,
        0.2283779420518287,
        -0.5991233317044757,
        -0.8950172157416332,
        1.942890293094024e-16,
        0.9344148261436098,
        0.35618665427414276,
        -0.005964498080499536,
        0,
        0,
        0,
        1
      ],
      "fov": 50,
      "aspect": 1
    },
    {
      "camera_to_world": [
        0.5310045679210792,
        0.2936818550586579,
        -0.7948491157800036,
        0.37618161511213716,
        -0.8469285696392677,
        0.21417827721706884,
        -0.48666175470968814,
        -0.8939294971154355,
        0.027315687356028878,
        0.9316000394899272,
        0.36245719698556667,
        -0.005874312303489206,
        0,
        0,
        0,
        1
      ],
      "fov": 50,
      "aspect": 1
    },
    {
      "camera_to_world": [
        0.4212478059477149,
        0.3050216479023164,
        -0.8541147933944193,
        0.3754913443629849,
        -0.9056380789385333,
        0.19201907692247316,
        -0.3780851016297314,
        -0.8928767197190172,
        0.04868219346700983,
        0.9327864002057474,
        0.3571268340946168,
        -0.0058890839873162555,
        0,
        0,
        0,
        1
      ],
      "fov": 50,
      "aspect": 1
    },
    {
      "camera_to_world": [
        0.3182620864092326,
        0.3073017333284358,
        -0.8968137426733498,
        0.37494946566409787,
        -0.9460301946363472,
        0.1639470682851401,
        -0.27955004853697074,
        -0.8919065081217024,
        0.061123769441660286,
        0.9373830612369984,
        0.3428948546058927,
        -0.005993124528060665,
        0,
        0,
        0,
        1
      ],
      "fov": 50,
      "aspect": 1
    },
    {
      "camera_to_world": [
        0.22794417926813126,
        0.3009074815522723,
        -0.9260108739554017,
        0.3745565383326521,
        -0.9715945194584013,
        0.13242068065240284,
        -0.19613478297832024,
        -0.8910664868928146,
        0.06360456662989288,
        0.944414872225879,
        0.322544583309657,
        -0.006170745321802415,
        0,
        0,
        0,
        1
      ],
      "fov": 50,
      "aspect": 1
    },
    {
      "camera_to_world": [
        0.155521447767624,
        0.2869907648942467,
        -0.945224513091825,
        0.3743131216858239,
        -0.9862052388886335,
        0.10000911490932861,
        -0.13189921805555135,
        -0.8904042806016778,
        0.05667720946619877,
        0.9526985240885325,
        0.2985853581920197,
        -0.006406257764621482,
        0,
        0,
        0,
        1
      ],
      "fov": 50,
      "aspect": 1
    },
    {
      "camera_to_world": [
        0.10580062100323626,
        0.2674543558573177,
        -0.9577444315308112,
        0.3742197750407895,
        -0.9934984320393676,
        0.06914741253785676,
        -0.09044059306880692,
        -0.8899675138176161,
        0.04203681875032458,
        0.961086261930877,
        0.27303132237361644,
        -0.0066839732525978465,
        0,
        0,
        0,
        1
      ],
      "fov": 50,
      "aspect": 1
    },
    {
      "camera_to_world": [
        0.08383577585265328,
        0.2447119680168577,
        -0.965964603593993,
        0.374277057714725,
        -0.996233632199391,
        0.04211937996712523,
        -0.07579253199355328,
        -0.889803811109953,
        0.02213849050844582,
        0.9686805513380051,
        0.24732140363807195,
        -0.006988203181811488,
        0,
        0,
        0,
        1
      ],
